2012-12-09 21:07:51.156431: ENGINE starting
2012-12-09 21:07:51.156780: ENGINE loading STUDENT ENGINE part 1
2012-12-09 21:07:51.159770: ENGINE loaded player module: OKComputer as player 1
2012-12-09 21:07:51.159815: QUORIDOR ENGINE CLIENT 1.0.3 by Adam Oest initializing
2012-12-09 21:07:51.248595: ENGINE calling STUDENT ENGINE init
2012-12-09 21:07:51.248676: STUDENT ENGINE init call successfully returned
2012-12-09 21:07:51.248714: ENGINE calling init() for player 1
2012-12-09 21:07:51.249081: OKComputer initialized as player 1
2012-12-09 21:07:51.249143: ENGINE processing move # 1
2012-12-09 21:07:51.249165: ENGINE getting move for player 1 from PRE_MOVE list 
2012-12-09 21:07:51.249193: ENGINE validating player 1 move. Player 1 Wall: [0,1] -> [2,1]
2012-12-09 21:07:51.249230: ENGINE uploading move to web engine
2012-12-09 21:07:51.311741: ENGINE calling STUDENT ENGINE last_move
2012-12-09 21:07:51.311797: STUDENT ENGINE last_move call successfully returned
2012-12-09 21:07:51.311824: ENGINE finished processing player 1's move
2012-12-09 21:07:51.312264: ENGINE notifying player 1 of last move
2012-12-09 21:07:51.312416: ENGINE finished with next move
2012-12-09 21:07:51.312573: ENGINE processing move # 2
2012-12-09 21:07:51.312618: ENGINE getting move for player 1 from PRE_MOVE list 
2012-12-09 21:07:51.312671: ENGINE validating player 1 move. Player 1 Wall: [1,2] -> [1,4]
2012-12-09 21:07:51.312745: ENGINE uploading move to web engine
2012-12-09 21:07:51.373310: ENGINE calling STUDENT ENGINE last_move
2012-12-09 21:07:51.373378: STUDENT ENGINE last_move call successfully returned
2012-12-09 21:07:51.373408: ENGINE finished processing player 1's move
2012-12-09 21:07:51.373717: ENGINE notifying player 1 of last move
2012-12-09 21:07:51.373821: ENGINE finished with next move
2012-12-09 21:07:51.373890: ENGINE processing move # 3
2012-12-09 21:07:51.373964: ENGINE getting move for player 1 from PRE_MOVE list 
2012-12-09 21:07:51.373997: ENGINE validating player 1 move. Player 1 Wall: [1,3] -> [3,3]
2012-12-09 21:07:51.374035: ENGINE uploading move to web engine
2012-12-09 21:07:51.434710: ENGINE calling STUDENT ENGINE last_move
2012-12-09 21:07:51.434767: STUDENT ENGINE last_move call successfully returned
2012-12-09 21:07:51.434794: ENGINE finished processing player 1's move
2012-12-09 21:07:51.435132: ENGINE notifying player 1 of last move
2012-12-09 21:07:51.435248: ENGINE finished with next move
2012-12-09 21:07:51.435304: MODEL: starting path queries
2012-12-09 21:07:51.437423: ENGINE called STUDENT ENGINE get_shortest_path
2012-12-09 21:07:51.437454: ERROR: list index out of range
2012-12-09 21:07:51.437970: TRACE: 
Traceback (most recent call last):
  File "C:\Users\Adam\Desktop\a\Quoridor_Client_2121\Releases\1.0.3\Python 3.3\Model\__init__.py", line 560, in studentEngineCallNoLog
  File "/Users/robert/Documents/eclipse-workspace/CSProject-Quoridor/StudentEngines/rgh7614/__init__.py", line 158, in get_shortest_path
    destination = engineData.board[r2][c2]
IndexError: list index out of range

